id,title,url
8240,Qualify High Budget Leads Typeform To Hubspot Google Sheets And Slack Alerts,https://n8n.io/workflows/8240-qualify-high-budget-leads-typeform-to-hubspot-google-sheets-and-slack-alerts/
8203,Lead Routing System Qualify And Direct Typeform Leads To Hubspot Sheets And Airtable,https://n8n.io/workflows/8203-lead-routing-system-qualify-and-direct-typeform-leads-to-hubspot-sheets-and-airtable/
8198,Automated Email Validation With Google Sheets Hunterio And Emailvalidationio,https://n8n.io/workflows/8198-automated-email-validation-with-google-sheets-hunterio-and-emailvalidationio/
8071,Process Contact Form Submissions With Validation And Mongodb Storage,https://n8n.io/workflows/8071-process-contact-form-submissions-with-validation-and-mongodb-storage/
8070,Generate Personalized Cold Email Icebreakers With Gpt 4O Mini And Google Sheets,https://n8n.io/workflows/8070-generate-personalized-cold-email-icebreakers-with-gpt-4o-mini-and-google-sheets/
8051,Customer Personality Bazi Disc Numerology With Gemini And Google Sheets,https://n8n.io/workflows/8051-customer-personality-bazi-disc-numerology-with-gemini-and-google-sheets/
8041,Weekly Linkedin Connections Sync And Analysis With Apify And Google Sheets,https://n8n.io/workflows/8041-weekly-linkedin-connections-sync-and-analysis-with-apify-and-google-sheets/
8028,Auto Save Instagram Leads To Google Sheets,https://n8n.io/workflows/8028-auto-save-instagram-leads-to-google-sheets/
8015,Automate Ai Upwork Proposal Generation With Apify Google Gemini And Sheets,https://n8n.io/workflows/8015-automate-ai-upwork-proposal-generation-with-apify-google-gemini-and-sheets/
8013,Automate Scraping Y Combinator Startups With Apify And Google Sheets,https://n8n.io/workflows/8013-automate-scraping-y-combinator-startups-with-apify-and-google-sheets/
8012,Automate Linkedin Profile Research And Email Outreach With Apify Gemini And Sheets,https://n8n.io/workflows/8012-automate-linkedin-profile-research-and-email-outreach-with-apify-gemini-and-sheets/
8000,Generate Ai Sales Pitches From Website Urls With Gpt 4O And Google Sheets,https://n8n.io/workflows/8000-generate-ai-sales-pitches-from-website-urls-with-gpt-4o-and-google-sheets/
7991,Detect E Commerce Platforms And Technology Stacks With Google Sheets,https://n8n.io/workflows/7991-detect-e-commerce-platforms-and-technology-stacks-with-google-sheets/
7983,Linkedin Lead Finder And Gemini Powered Personalized Outreach With Google Sheets,https://n8n.io/workflows/7983-linkedin-lead-finder-and-gemini-powered-personalized-outreach-with-google-sheets/
7948,Extract Email Addresses From Websites With Emaillistverify Api And Google Sheets,https://n8n.io/workflows/7948-extract-email-addresses-from-websites-with-emaillistverify-api-and-google-sheets/
7943,Extract Business Contact Info From Google Maps To Google Sheets With Regex,https://n8n.io/workflows/7943-extract-business-contact-info-from-google-maps-to-google-sheets-with-regex/
7908,Extract Business Emails From Google Maps To Google Sheets For Lead Generation,https://n8n.io/workflows/7908-extract-business-emails-from-google-maps-to-google-sheets-for-lead-generation/
7906,Scrape Google Maps Data And Discover Email Addresses With Serpapi And Emaillistverify,https://n8n.io/workflows/7906-scrape-google-maps-data-and-discover-email-addresses-with-serpapi-and-emaillistverify/
7877,Restaurant Lead Generation From Google Maps With Apify Airtable And Ai Newsletter,https://n8n.io/workflows/7877-restaurant-lead-generation-from-google-maps-with-apify-airtable-and-ai-newsletter/
7782,Automate Job Discovery And Ai Proposals Across Upwork Freelancer Guru And Pph With Openrouter,https://n8n.io/workflows/7782-automate-job-discovery-and-ai-proposals-across-upwork-freelancer-guru-and-pph-with-openrouter/
7752,Extract Business Leads From Gmail To Google Sheets With Slack Notifications,https://n8n.io/workflows/7752-extract-business-leads-from-gmail-to-google-sheets-with-slack-notifications/
7697,Automate Lead Gen From Linkedin Jobs With Apify Apolloio And Google Gemini,https://n8n.io/workflows/7697-automate-lead-gen-from-linkedin-jobs-with-apify-apolloio-and-google-gemini/
7693,Bulk Lead Email Validation With Google Sheets And Anymail Finder,https://n8n.io/workflows/7693-bulk-lead-email-validation-with-google-sheets-and-anymail-finder/
7684,Automate Lead Gen And Email Outreach With Apify Apolloio Gpt 4 And Google Sheets,https://n8n.io/workflows/7684-automate-lead-gen-and-email-outreach-with-apify-apolloio-gpt-4-and-google-sheets/
7607,Google Maps Leads Namesemailsphones Apify Airtable Custom Emails,https://n8n.io/workflows/7607-google-maps-leads-namesemailsphones-apify-airtable-custom-emails/
7589,Enrich Procurement Contacts From Company Ids With Apollo Google Sheets And Telegram,https://n8n.io/workflows/7589-enrich-procurement-contacts-from-company-ids-with-apollo-google-sheets-and-telegram/
7542,Generate Business Lists From Google Maps Search To Sheets Or Excel With Serper,https://n8n.io/workflows/7542-generate-business-lists-from-google-maps-search-to-sheets-or-excel-with-serper/
7541,Scrape Business Data From Google Maps Via Serpapi And Export To Sheets And Excel,https://n8n.io/workflows/7541-scrape-business-data-from-google-maps-via-serpapi-and-export-to-sheets-and-excel/
7510,Lead Enrichment Pipeline Leadfeeder To Apollo To Google Sheets,https://n8n.io/workflows/7510-lead-enrichment-pipeline-leadfeeder-to-apollo-to-google-sheets/
7467,Leadbot Autopilot Chat To Lead For Salesforce,https://n8n.io/workflows/7467-leadbot-autopilot-chat-to-lead-for-salesforce/
7458,Automate Jotform Submissions Via Http Without Api Keys,https://n8n.io/workflows/7458-automate-jotform-submissions-via-http-without-api-keys/
7457,Enriching Brazilian Company Data With Cnpj Api And Google Sheets,https://n8n.io/workflows/7457-enriching-brazilian-company-data-with-cnpj-api-and-google-sheets/
7424,Website Lead Management Send Contact Form Submissions To Whatsapp And Google Sheets,https://n8n.io/workflows/7424-website-lead-management-send-contact-form-submissions-to-whatsapp-and-google-sheets/
7423,Lead Generation Agent,https://n8n.io/workflows/7423-lead-generation-agent/
7406,Generate Leads From Google Maps With Email,https://n8n.io/workflows/7406-generate-leads-from-google-maps-with-email/
7393,Automated B2B Prospecting With Rapidapi Hunterio Gpt And Gmail,https://n8n.io/workflows/7393-automated-b2b-prospecting-with-rapidapi-hunterio-gpt-and-gmail/
7373,Generate Qualified Instagram Leads From Hashtags With Apify And Google Sheets,https://n8n.io/workflows/7373-generate-qualified-instagram-leads-from-hashtags-with-apify-and-google-sheets/
7365,Generate Structured Company Descriptions With Bedrijfsdata Web Rag And Openai,https://n8n.io/workflows/7365-generate-structured-company-descriptions-with-bedrijfsdata-web-rag-and-openai/
7343,Automated Lead Capture Scoring And Crm Integration With Hubspot Clearbit And Slack,https://n8n.io/workflows/7343-automated-lead-capture-scoring-and-crm-integration-with-hubspot-clearbit-and-slack/
7314,Auto Enrich And Sync Companies From Google Sheets To Hubspot Using Gpt 4O Mini,https://n8n.io/workflows/7314-auto-enrich-and-sync-companies-from-google-sheets-to-hubspot-using-gpt-4o-mini/
7289,Secure Web Form To Odoo Crm Lead Creation With Utm Tracking,https://n8n.io/workflows/7289-secure-web-form-to-odoo-crm-lead-creation-with-utm-tracking/
7263,Automate Jotform Submissions To Google Sheets,https://n8n.io/workflows/7263-automate-jotform-submissions-to-google-sheets/
7258,Automatically Discover And Enrich Hubspot Buying Groups With Surfe And Google Sheets,https://n8n.io/workflows/7258-automatically-discover-and-enrich-hubspot-buying-groups-with-surfe-and-google-sheets/
7227,Ai Website Chatbot With Crm Lead Collection Using Gpt And Google Sheets,https://n8n.io/workflows/7227-ai-website-chatbot-with-crm-lead-collection-using-gpt-and-google-sheets/
7182,Linkedin Lead Generation With Gpt 4O Apify Scraping And Automated Outreach,https://n8n.io/workflows/7182-linkedin-lead-generation-with-gpt-4o-apify-scraping-and-automated-outreach/
7174,Ai Powered Linkedin Connection Recommender,https://n8n.io/workflows/7174-ai-powered-linkedin-connection-recommender/
7155,Beginner Lead Finder Using Serpapi Search,https://n8n.io/workflows/7155-beginner-lead-finder-using-serpapi-search/
7140,Ai Powered Cold Call Machine With Linkedin Openai And Sales Navigator,https://n8n.io/workflows/7140-ai-powered-cold-call-machine-with-linkedin-openai-and-sales-navigator/
7130,Build Targeted Prospect Lists Find And Enrich Leads With Surfe To Hubspot,https://n8n.io/workflows/7130-build-targeted-prospect-lists-find-and-enrich-leads-with-surfe-to-hubspot/
7128,Classify And Enrich Contacts With Gpt 4O Mini For Google Sheets Airtable And Hubspot,https://n8n.io/workflows/7128-classify-and-enrich-contacts-with-gpt-4o-mini-for-google-sheets-airtable-and-hubspot/
7071,Extract Business Email Addresses Using Serperdev And Scrapingbee From Google Sheets,https://n8n.io/workflows/7071-extract-business-email-addresses-using-serperdev-and-scrapingbee-from-google-sheets/
7034,Convert Linkedin Post Reactions Into Qualified Leads With Ai And Apify,https://n8n.io/workflows/7034-convert-linkedin-post-reactions-into-qualified-leads-with-ai-and-apify/
7030,Automate Company Data Enrichment With Zoominfo Serper And Oxylabs To Google Sheets,https://n8n.io/workflows/7030-automate-company-data-enrichment-with-zoominfo-serper-and-oxylabs-to-google-sheets/
7019,Find Instagram Collaboration Leads Using Apify Scraping And Gpt 4O Evaluation,https://n8n.io/workflows/7019-find-instagram-collaboration-leads-using-apify-scraping-and-gpt-4o-evaluation/
6993,Scrape Google Maps By Area And Generate Outreach Messages For Lead Generation,https://n8n.io/workflows/6993-scrape-google-maps-by-area-and-generate-outreach-messages-for-lead-generation/
6992,Validate Leads Email Addresses With Hunterio And Google Sheets,https://n8n.io/workflows/6992-validate-leads-email-addresses-with-hunterio-and-google-sheets/
6987,Website Contact Form To Slack With Optional Email Confirmation,https://n8n.io/workflows/6987-website-contact-form-to-slack-with-optional-email-confirmation/
6986,Enrich Company Domains With Business Data Using Perplexity Ai And Google Sheets,https://n8n.io/workflows/6986-enrich-company-domains-with-business-data-using-perplexity-ai-and-google-sheets/
6973,Sync Website Visitors From Rb2B To Attio Crm Via Slack With Deal Creation,https://n8n.io/workflows/6973-sync-website-visitors-from-rb2b-to-attio-crm-via-slack-with-deal-creation/
6941,Lead Generation And Qualification With Gpt 4O Google Workspace And Automated Follow Up,https://n8n.io/workflows/6941-lead-generation-and-qualification-with-gpt-4o-google-workspace-and-automated-follow-up/
6925,Automated Local Business Lead Generator With Ai Social Media And Whatsapp Links,https://n8n.io/workflows/6925-automated-local-business-lead-generator-with-ai-social-media-and-whatsapp-links/
6886,Skip Tracing Extract Phones And Emails From Truepeoplesearch With Zyte Api,https://n8n.io/workflows/6886-skip-tracing-extract-phones-and-emails-from-truepeoplesearch-with-zyte-api/
6840,Extract Contacts From Business Cards To Google Sheets With Gpt4O,https://n8n.io/workflows/6840-extract-contacts-from-business-cards-to-google-sheets-with-gpt4o/
6776,Automated Company Research And Lead Enrichment With Gpt 4O And Google Sheets,https://n8n.io/workflows/6776-automated-company-research-and-lead-enrichment-with-gpt-4o-and-google-sheets/
6775,Extract Seed Funded Startup Data With Rss Gpt 41 Mini And Brightdata To Excel,https://n8n.io/workflows/6775-extract-seed-funded-startup-data-with-rss-gpt-41-mini-and-brightdata-to-excel/
6756,Reddit Lead Finder Automated Prospecting With Gpt 4 Supabase And Gmail Alerts,https://n8n.io/workflows/6756-reddit-lead-finder-automated-prospecting-with-gpt-4-supabase-and-gmail-alerts/
6749,Automate Personalized Cold Emails With Apollo Lead Scraping And Gpt 41,https://n8n.io/workflows/6749-automate-personalized-cold-emails-with-apollo-lead-scraping-and-gpt-41/
6723,Automate Lead Management From Website Forms To Google Sheets And Slack,https://n8n.io/workflows/6723-automate-lead-management-from-website-forms-to-google-sheets-and-slack/
6687,Sync Facebookgoogle Lead Ads To Google Sheets And Salesforce Crm,https://n8n.io/workflows/6687-sync-facebookgoogle-lead-ads-to-google-sheets-and-salesforce-crm/
6673,Automate Multi Platform Social Media Lookup From Google Sheets With Gemini Ai,https://n8n.io/workflows/6673-automate-multi-platform-social-media-lookup-from-google-sheets-with-gemini-ai/
6649,Generate Sales Leads And Personalized Outreach Emails Using Jina Ai And Openai Agents,https://n8n.io/workflows/6649-generate-sales-leads-and-personalized-outreach-emails-using-jina-ai-and-openai-agents/
6634,Scrape Google Maps Leads To Google Sheets Via Apify,https://n8n.io/workflows/6634-scrape-google-maps-leads-to-google-sheets-via-apify/
6621,Instagram Influencer Finder With Bright Data Auto Filter And Save To Sheets,https://n8n.io/workflows/6621-instagram-influencer-finder-with-bright-data-auto-filter-and-save-to-sheets/
6599,Generate Personalized Cold Email Icebreakers With Gpt 4 Mini Apify And Linkedin,https://n8n.io/workflows/6599-generate-personalized-cold-email-icebreakers-with-gpt-4-mini-apify-and-linkedin/
6570,Website Intelligence And Lead Scoring With Scrapegraphai Hubspot And Slack,https://n8n.io/workflows/6570-website-intelligence-and-lead-scoring-with-scrapegraphai-hubspot-and-slack/
6568,Conference Networking Intelligence From Eventbrite With Scrapegraphai,https://n8n.io/workflows/6568-conference-networking-intelligence-from-eventbrite-with-scrapegraphai/
6535,Lead Research Report Emails,https://n8n.io/workflows/6535-lead-research-report-emails/
6532,Lead Gen Agent Telegram,https://n8n.io/workflows/6532-lead-gen-agent-telegram/
6530,Generate Personalized Icebreakers,https://n8n.io/workflows/6530-generate-personalized-icebreakers/
6529,Qualify Meta Ads Leads With Whatsapp Verification Gemini Ai And Zoho Crm,https://n8n.io/workflows/6529-qualify-meta-ads-leads-with-whatsapp-verification-gemini-ai-and-zoho-crm/
6525,Automate Email Validation In Google Sheets With Email Validator Ai,https://n8n.io/workflows/6525-automate-email-validation-in-google-sheets-with-email-validator-ai/
6521,Automated Email Validation For Google Sheets Using Rapid Email Verifier,https://n8n.io/workflows/6521-automated-email-validation-for-google-sheets-using-rapid-email-verifier/
6508,Cyberpulse Ai Redops Role Based Linkedin Profile Discovery With Google Osint,https://n8n.io/workflows/6508-cyberpulse-ai-redops-role-based-linkedin-profile-discovery-with-google-osint/
6492,Sales Prospect Research And Outreach Preparation With Apollo Linkup Ai And Linkedin,https://n8n.io/workflows/6492-sales-prospect-research-and-outreach-preparation-with-apollo-linkup-ai-and-linkedin/
6484,Generate Prospect Research And Connection Strategy Reports With Claude Ai,https://n8n.io/workflows/6484-generate-prospect-research-and-connection-strategy-reports-with-claude-ai/
6479,Validate And Enrich Phone Numbers In Google Sheets With Rapidapi,https://n8n.io/workflows/6479-validate-and-enrich-phone-numbers-in-google-sheets-with-rapidapi/
6439,Ai Powered Google Maps Business Scraper With Enrichment And Export To Sheets,https://n8n.io/workflows/6439-ai-powered-google-maps-business-scraper-with-enrichment-and-export-to-sheets/
6422,Generate Lead Qualification Reports In Gmail From Tally Forms Via Qwen 3,https://n8n.io/workflows/6422-generate-lead-qualification-reports-in-gmail-from-tally-forms-via-qwen-3/
6380,Qualify And Nurture Website Demo Requests With Claude Ai Calcom And Instantlyai,https://n8n.io/workflows/6380-qualify-and-nurture-website-demo-requests-with-claude-ai-calcom-and-instantlyai/
6378,Discover And Generate Leads From Social Engagement Using Trigify Google Sheets And Slack,https://n8n.io/workflows/6378-discover-and-generate-leads-from-social-engagement-using-trigify-google-sheets-and-slack/
6364,Reddit To Google Sheets Tracking Freelancejob Leads,https://n8n.io/workflows/6364-reddit-to-google-sheets-tracking-freelancejob-leads/
6337,Automated Reddit Lead Generation With Ai Analysis And Google Sheets,https://n8n.io/workflows/6337-automated-reddit-lead-generation-with-ai-analysis-and-google-sheets/
6330,Extract Local Business Contacts With Google Sheets Serpapi Apify And Gpt 4O,https://n8n.io/workflows/6330-extract-local-business-contacts-with-google-sheets-serpapi-apify-and-gpt-4o/
6307,Google Maps Lead Generation With Apify And Email Extraction For Airtable,https://n8n.io/workflows/6307-google-maps-lead-generation-with-apify-and-email-extraction-for-airtable/
6300,Automatically Add Gmail Sender Contacts To Mysql Database,https://n8n.io/workflows/6300-automatically-add-gmail-sender-contacts-to-mysql-database/
6257,Automate Linkedin Lead Generation And Connection Requests With Browserflow,https://n8n.io/workflows/6257-automate-linkedin-lead-generation-and-connection-requests-with-browserflow/
6249,Extract Business Data From Google Maps Via Chat To Excel And Google Sheets,https://n8n.io/workflows/6249-extract-business-data-from-google-maps-via-chat-to-excel-and-google-sheets/
6230,Validate Email Addresses With Apilayer Api,https://n8n.io/workflows/6230-validate-email-addresses-with-apilayer-api/
6183,Verify Whatsapp Numbers In Bulk Using Google Sheets And Wasenderapi,https://n8n.io/workflows/6183-verify-whatsapp-numbers-in-bulk-using-google-sheets-and-wasenderapi/
6156,Cold Email Icebreakers From Local Business Search With Gpt 4 And Dumpling Ai,https://n8n.io/workflows/6156-cold-email-icebreakers-from-local-business-search-with-gpt-4-and-dumpling-ai/
6116,Extract Linkedin Profiles With Apify And Auto Generate Lead Data For Google Sheets Crm,https://n8n.io/workflows/6116-extract-linkedin-profiles-with-apify-and-auto-generate-lead-data-for-google-sheets-crm/
6103,Comprehensive Contact Enrichment With Apollo Linkedin And Gpt 4O For Hubspot,https://n8n.io/workflows/6103-comprehensive-contact-enrichment-with-apollo-linkedin-and-gpt-4o-for-hubspot/
6102,Salesforce Lead Capture With Gpt 4 Personalized Email And Sms Follow Up,https://n8n.io/workflows/6102-salesforce-lead-capture-with-gpt-4-personalized-email-and-sms-follow-up/
6101,Ai Powered Lead Generation With Apollo Linkedin Research And 4 Step Personalized Emails,https://n8n.io/workflows/6101-ai-powered-lead-generation-with-apollo-linkedin-research-and-4-step-personalized-emails/
6097,Generate Personalized Cold Outreach Icebreakers With Gpt 4 And Google Sheets,https://n8n.io/workflows/6097-generate-personalized-cold-outreach-icebreakers-with-gpt-4-and-google-sheets/
6093,Auto Enrich New Crm Companies With Chatgpt Web Research Via Tavily,https://n8n.io/workflows/6093-auto-enrich-new-crm-companies-with-chatgpt-web-research-via-tavily/
6091,Google Maps Lead Scraper And Enrichment With Ai Powered Personalized Outreach,https://n8n.io/workflows/6091-google-maps-lead-scraper-and-enrichment-with-ai-powered-personalized-outreach/
6085,Extract Business Emails From Google Maps Search Results To Google Sheets,https://n8n.io/workflows/6085-extract-business-emails-from-google-maps-search-results-to-google-sheets/
6079,Reddit Freelance Job Monitor With Google Sheets Tracking And Telegram Alerts,https://n8n.io/workflows/6079-reddit-freelance-job-monitor-with-google-sheets-tracking-and-telegram-alerts/
6076,Indeed Job Scraper With Ai Filtering And Company Research Using Apify And Tavily,https://n8n.io/workflows/6076-indeed-job-scraper-with-ai-filtering-and-company-research-using-apify-and-tavily/
6064,Enrich Company Profiles With Explorium Mcp And Claude Ai For Gtm Research,https://n8n.io/workflows/6064-enrich-company-profiles-with-explorium-mcp-and-claude-ai-for-gtm-research/
6063,Automate Company Icp Scoring With Explorium Data And Claude Ai Analysis,https://n8n.io/workflows/6063-automate-company-icp-scoring-with-explorium-data-and-claude-ai-analysis/
6027,Ai Powered Lead Generation System With Email Personalization And Linkedin,https://n8n.io/workflows/6027-ai-powered-lead-generation-system-with-email-personalization-and-linkedin/
5971,Scrape Local Business Directories With Bright Data And Openai For Lead Generation,https://n8n.io/workflows/5971-scrape-local-business-directories-with-bright-data-and-openai-for-lead-generation/
5946,Monitor Marketing Job Boards With Bright Data And Gpt 4O For Growing Companies,https://n8n.io/workflows/5946-monitor-marketing-job-boards-with-bright-data-and-gpt-4o-for-growing-companies/
5944,Scrape Developer Profiles From Stack Overflow For Lead Generation With Openai And Bright Data,https://n8n.io/workflows/5944-scrape-developer-profiles-from-stack-overflow-for-lead-generation-with-openai-and-bright-data/
5901,Real Time Lead Enrichment In Slack With Extruct Ai In Thread Reply,https://n8n.io/workflows/5901-real-time-lead-enrichment-in-slack-with-extruct-ai-in-thread-reply/
5892,Automated Meeting Attendee Enrichment With Apolloio And Google Sheets,https://n8n.io/workflows/5892-automated-meeting-attendee-enrichment-with-apolloio-and-google-sheets/
5832,Qualify And Reach Out To B2B Leads With Groq Ai Apollo Gmail And Sheets,https://n8n.io/workflows/5832-qualify-and-reach-out-to-b2b-leads-with-groq-ai-apollo-gmail-and-sheets/
5830,Qualify Calendly Demo Requests With Gpt 4 And Route To Saleshandy Sequences With Logs,https://n8n.io/workflows/5830-qualify-calendly-demo-requests-with-gpt-4-and-route-to-saleshandy-sequences-with-logs/
5811,Find Leads On Google Maps And Reach Out Automatically Gpt 4 Airtable Gmail,https://n8n.io/workflows/5811-find-leads-on-google-maps-and-reach-out-automatically-gpt-4-airtable-gmail/
5794,Extract Business Contact Leads From Google Maps With Rapidapi And Google Sheets,https://n8n.io/workflows/5794-extract-business-contact-leads-from-google-maps-with-rapidapi-and-google-sheets/
5786,Scrape Public Email Addresses From Any Website Using Firecrawl,https://n8n.io/workflows/5786-scrape-public-email-addresses-from-any-website-using-firecrawl/
5776,Automate Contact Enrichment With Surfe Google Sheets And Hubspot,https://n8n.io/workflows/5776-automate-contact-enrichment-with-surfe-google-sheets-and-hubspot/
5751,Youtube Lead Generation Turn Comments Into Enriched Prospects With Apify And Gemini Ai,https://n8n.io/workflows/5751-youtube-lead-generation-turn-comments-into-enriched-prospects-with-apify-and-gemini-ai/
5743,Scrape Google Maps Leads Email Phone Website Using Apify Gpt Airtable,https://n8n.io/workflows/5743-scrape-google-maps-leads-email-phone-website-using-apify-gpt-airtable/
5701,Automated Local Business Lead Generation With Google Maps And Gpt 4,https://n8n.io/workflows/5701-automated-local-business-lead-generation-with-google-maps-and-gpt-4/
5692,Automatic Lead Export From Fluentform To Google Sheets With Form Categorization,https://n8n.io/workflows/5692-automatic-lead-export-from-fluentform-to-google-sheets-with-form-categorization/
5647,Clean Company Names For Cold Emails With Gpt 4 Mini And Google Sheets,https://n8n.io/workflows/5647-clean-company-names-for-cold-emails-with-gpt-4-mini-and-google-sheets/
5618,Scrape Linkedin Profiles And Save To Google Sheets With Apify,https://n8n.io/workflows/5618-scrape-linkedin-profiles-and-save-to-google-sheets-with-apify/
5611,Ai Powered Lead Generation With Apollo Gpt 4 And Telegram To Database,https://n8n.io/workflows/5611-ai-powered-lead-generation-with-apollo-gpt-4-and-telegram-to-database/
5555,Business Lead Generation With Apify Web Scraping And Google Sheets Storage,https://n8n.io/workflows/5555-business-lead-generation-with-apify-web-scraping-and-google-sheets-storage/
5505,Capture Website Form Submissions To Notion Crm Database,https://n8n.io/workflows/5505-capture-website-form-submissions-to-notion-crm-database/
5472,Multi Platform Uae Real Estate Lead Generation With Gpt 4 Analysis,https://n8n.io/workflows/5472-multi-platform-uae-real-estate-lead-generation-with-gpt-4-analysis/
5458,Automate Quote Request Processing With Tally Airtable Slack And Gmail,https://n8n.io/workflows/5458-automate-quote-request-processing-with-tally-airtable-slack-and-gmail/
5443,Google Maps Business Scraper And Lead Enricher With Bright Data And Google Gemini,https://n8n.io/workflows/5443-google-maps-business-scraper-and-lead-enricher-with-bright-data-and-google-gemini/
5437,Automate A Tally Form Store With Airtable Notify Via Slack,https://n8n.io/workflows/5437-automate-a-tally-form-store-with-airtable-notify-via-slack/
5433,Centralize Your Forms And Reply Automatically With Tally Airtable Gmail,https://n8n.io/workflows/5433-centralize-your-forms-and-reply-automatically-with-tally-airtable-gmail/
5428,Qualify Real Estate Leads Automatically With Openai Gmail And Airtable Crm,https://n8n.io/workflows/5428-qualify-real-estate-leads-automatically-with-openai-gmail-and-airtable-crm/
5427,Conversational Lead Capture With Gemini 20 Flash Ai And Google Sheets,https://n8n.io/workflows/5427-conversational-lead-capture-with-gemini-20-flash-ai-and-google-sheets/
5421,Ai Powered Lead Enrichment With Explorium Mcp And Telegram,https://n8n.io/workflows/5421-ai-powered-lead-enrichment-with-explorium-mcp-and-telegram/
5404,B2B Lead Qualification,https://n8n.io/workflows/5404-b2b-lead-qualification/
5388,Cold Email Icebreaker Generator With Apify Gpt 4 And Website Scraping,https://n8n.io/workflows/5388-cold-email-icebreaker-generator-with-apify-gpt-4-and-website-scraping/
5385,Lead Generation System Google Maps To Email Scraper With Google Sheets Export,https://n8n.io/workflows/5385-lead-generation-system-google-maps-to-email-scraper-with-google-sheets-export/
5382,Enrich Company Sales Data With Extruct Ai And Export To Google Sheets,https://n8n.io/workflows/5382-enrich-company-sales-data-with-extruct-ai-and-export-to-google-sheets/
5380,Collect Company Social Media Profiles With Extruct Ai To Google Sheets,https://n8n.io/workflows/5380-collect-company-social-media-profiles-with-extruct-ai-to-google-sheets/
5350,Phantombuster Tool Mcp Server 5 Operations,https://n8n.io/workflows/5350-phantombuster-tool-mcp-server-5-operations/
5340,Automate Lead Scraping With Scrapeless To Google Sheets With Data Cleaning,https://n8n.io/workflows/5340-automate-lead-scraping-with-scrapeless-to-google-sheets-with-data-cleaning/
5321,Clearbit Tool Mcp Server,https://n8n.io/workflows/5321-clearbit-tool-mcp-server/
5297,Intelligent B2B Lead Generation Workflow Using Scrapeless And Claude,https://n8n.io/workflows/5297-intelligent-b2b-lead-generation-workflow-using-scrapeless-and-claude/
5295,Find Linkedin Professionals With Google Search And Airtable,https://n8n.io/workflows/5295-find-linkedin-professionals-with-google-search-and-airtable/
5275,Dropcontact Tool Mcp Server,https://n8n.io/workflows/5275-dropcontact-tool-mcp-server/
5258,Enrich Linkedin Profiles In Nocodb Crm With Apify Scraper,https://n8n.io/workflows/5258-enrich-linkedin-profiles-in-nocodb-crm-with-apify-scraper/
5233,Ai Agents Can Create Enrich Leads With This Lemlist Tool Mcp Server,https://n8n.io/workflows/5233-ai-agents-can-create-enrich-leads-with-this-lemlist-tool-mcp-server/
5209,Give Ai Agents Power To Create Lists Items With Lonescale Tool Mcp Server,https://n8n.io/workflows/5209-give-ai-agents-power-to-create-lists-items-with-lonescale-tool-mcp-server/
5161,Enrich Linkedin Profiles With Ghost Genius And Google Sheets No Account Needed,https://n8n.io/workflows/5161-enrich-linkedin-profiles-with-ghost-genius-and-google-sheets-no-account-needed/
5101,Smartlead Sheet Sync Airtable Edition,https://n8n.io/workflows/5101-smartlead-sheet-sync-airtable-edition/
5070,Linkedin Scraping Structuring And Messaging Using Phantombuster And Gpt 4,https://n8n.io/workflows/5070-linkedin-scraping-structuring-and-messaging-using-phantombuster-and-gpt-4/
5069,Linkedin Profile Scraper And Personalized Outreach Using Phantombuster Gpt 4,https://n8n.io/workflows/5069-linkedin-profile-scraper-and-personalized-outreach-using-phantombuster-gpt-4/
5052,Track Linkedin Profile Changes With Google Sheets And Slack Notifications,https://n8n.io/workflows/5052-track-linkedin-profile-changes-with-google-sheets-and-slack-notifications/
5043,Google Maps Business Phone No Scraper With Bright Data And Sheets,https://n8n.io/workflows/5043-google-maps-business-phone-no-scraper-with-bright-data-and-sheets/
5020,Auto Collect Business Leads From Google Maps With Apify And Gmail,https://n8n.io/workflows/5020-auto-collect-business-leads-from-google-maps-with-apify-and-gmail/
5019,Zillow Property Scraper By Location Via Bright Data And Google Sheets,https://n8n.io/workflows/5019-zillow-property-scraper-by-location-via-bright-data-and-google-sheets/
5015,Find And Email Anyone On Linkedin With Openai Hunter And Gmail,https://n8n.io/workflows/5015-find-and-email-anyone-on-linkedin-with-openai-hunter-and-gmail/
4946,Automatically Create Trello Cards From Google Forms Lead Submissions,https://n8n.io/workflows/4946-automatically-create-trello-cards-from-google-forms-lead-submissions/
4912,Lead Workflow Yelp And Trustpilot Scraping Openai Analysis Via Brightdata,https://n8n.io/workflows/4912-lead-workflow-yelp-and-trustpilot-scraping-openai-analysis-via-brightdata/
4910,Discover Business Leads With Gemini Brave Search And Web Scraping,https://n8n.io/workflows/4910-discover-business-leads-with-gemini-brave-search-and-web-scraping/
4890,Unipile Linkedin Profile Lookup Subworkflow,https://n8n.io/workflows/4890-unipile-linkedin-profile-lookup-subworkflow/
4885,Ai Icebreaker Builder Scrape Sites With Dumpling Ai And Save To Airtable,https://n8n.io/workflows/4885-ai-icebreaker-builder-scrape-sites-with-dumpling-ai-and-save-to-airtable/
4882,Ai Prospect Researcher Iscp Only Need Company Name And Domain,https://n8n.io/workflows/4882-ai-prospect-researcher-iscp-only-need-company-name-and-domain/
4879,Personalized Outreach For Lawyers With Linkedin Scraping Gpt 4O Google Sheets,https://n8n.io/workflows/4879-personalized-outreach-for-lawyers-with-linkedin-scraping-gpt-4o-google-sheets/
4873,Precision Prospecting Automate Linkedin Lead Gen With Bright Data,https://n8n.io/workflows/4873-precision-prospecting-automate-linkedin-lead-gen-with-bright-data/
4844,Scrape Yelp Business Data With Gemini Ai Bright Data And Google Sheets,https://n8n.io/workflows/4844-scrape-yelp-business-data-with-gemini-ai-bright-data-and-google-sheets/
4840,Search Business Prospects With Natural Language Using Claude Ai And Explorium Mcp,https://n8n.io/workflows/4840-search-business-prospects-with-natural-language-using-claude-ai-and-explorium-mcp/
4839,Automated Ai Lead Enrichment Hubspot To Explorium For Enhanced Prospect Data,https://n8n.io/workflows/4839-automated-ai-lead-enrichment-hubspot-to-explorium-for-enhanced-prospect-data/
4837,Automated Ai Lead Enrichment Salesforce To Explorium For Enhanced Prospect Data,https://n8n.io/workflows/4837-automated-ai-lead-enrichment-salesforce-to-explorium-for-enhanced-prospect-data/
4836,Automate Hubspot To Salesforce Lead Creation With Explorium Ai Enrichment,https://n8n.io/workflows/4836-automate-hubspot-to-salesforce-lead-creation-with-explorium-ai-enrichment/
4835,Enrich Company Firmographic Data In Google Sheets With Explorium Mcp,https://n8n.io/workflows/4835-enrich-company-firmographic-data-in-google-sheets-with-explorium-mcp/
4831,Automate Linkedin Profile Search And Cold Email Outreach With Openai And Hunter,https://n8n.io/workflows/4831-automate-linkedin-profile-search-and-cold-email-outreach-with-openai-and-hunter/
4821,Dnb Company Search And Extract With Bright Data And Openai 4O Mini,https://n8n.io/workflows/4821-dnb-company-search-and-extract-with-bright-data-and-openai-4o-mini/
4803,Personalized Linkedin Connection Requests With Apollo Gpt 4 Apify And Phantombuster,https://n8n.io/workflows/4803-personalized-linkedin-connection-requests-with-apollo-gpt-4-apify-and-phantombuster/
4795,Upwork Job Listings Auto Export To Google Sheets With Apify,https://n8n.io/workflows/4795-upwork-job-listings-auto-export-to-google-sheets-with-apify/
4794,Upwork Lead Generation Extract Client Emails With Linkedin Scraping And Ai,https://n8n.io/workflows/4794-upwork-lead-generation-extract-client-emails-with-linkedin-scraping-and-ai/
4791,Track Investor Data From Crunchbase To Google Sheets For Market Analysis,https://n8n.io/workflows/4791-track-investor-data-from-crunchbase-to-google-sheets-for-market-analysis/
4784,Track Technology Stacks And Find Decision Makers With Builtwith To Google Sheets,https://n8n.io/workflows/4784-track-technology-stacks-and-find-decision-makers-with-builtwith-to-google-sheets/
4774,Discover And Analyze Tiktok Influencers With Bright Data Claude Ai And Email Outreach,https://n8n.io/workflows/4774-discover-and-analyze-tiktok-influencers-with-bright-data-claude-ai-and-email-outreach/
4729,Startup Founder Discovery And Ai Powered Outreach With Crunchbase And Gmail,https://n8n.io/workflows/4729-startup-founder-discovery-and-ai-powered-outreach-with-crunchbase-and-gmail/
4685,Lead Generation Automate On Linkedin Personalisation Enrichment,https://n8n.io/workflows/4685-lead-generation-automate-on-linkedin-personalisation-enrichment/
4663,Enrich Company Data From Linkedin Via Bright Data And Google Sheets,https://n8n.io/workflows/4663-enrich-company-data-from-linkedin-via-bright-data-and-google-sheets/
4635,Extract And Enrich Linkedin Comments To Leads With Apify Google Sheetscsv,https://n8n.io/workflows/4635-extract-and-enrich-linkedin-comments-to-leads-with-apify-google-sheetscsv/
4632,Scrape Google Places Via Dumpling Ai And Auto Save To Google Sheets,https://n8n.io/workflows/4632-scrape-google-places-via-dumpling-ai-and-auto-save-to-google-sheets/
4618,Website Lead Capture With Apolloio Enrichment Hubspot Storage And Gmail Notifications,https://n8n.io/workflows/4618-website-lead-capture-with-apolloio-enrichment-hubspot-storage-and-gmail-notifications/
4606,Automate Travel Agent Outreach With Web Scraping Openai And Google Sheets,https://n8n.io/workflows/4606-automate-travel-agent-outreach-with-web-scraping-openai-and-google-sheets/
4592,Ai Powered Lead Scoring With Salesforce Gpt 4O And Slack With Data Masking,https://n8n.io/workflows/4592-ai-powered-lead-scoring-with-salesforce-gpt-4o-and-slack-with-data-masking/
4589,Ai Powered Lead Enrichment With Bright Data Mcp And Google Sheets,https://n8n.io/workflows/4589-ai-powered-lead-enrichment-with-bright-data-mcp-and-google-sheets/
4585,Collect Youtube Channel Stats And Contact Info With Google Sheets And Serpapi,https://n8n.io/workflows/4585-collect-youtube-channel-stats-and-contact-info-with-google-sheets-and-serpapi/
4582,Automated Youtube Channel Lead Generation And Email Outreach With Apify And Zerobounce,https://n8n.io/workflows/4582-automated-youtube-channel-lead-generation-and-email-outreach-with-apify-and-zerobounce/
4575,Hostinger Form Lead Capture And Qualification With Openai Beehiiv And Google Sheets,https://n8n.io/workflows/4575-hostinger-form-lead-capture-and-qualification-with-openai-beehiiv-and-google-sheets/
4573,Google Maps Business Scraper With Contact Extraction Via Apify And Firecrawl,https://n8n.io/workflows/4573-google-maps-business-scraper-with-contact-extraction-via-apify-and-firecrawl/
4555,Extract Google My Business Leads By Service Or Location With Bright Data,https://n8n.io/workflows/4555-extract-google-my-business-leads-by-service-or-location-with-bright-data/
4539,Automate Lead Generation With Apollo Ai Scoring And Brevo Email Outreach,https://n8n.io/workflows/4539-automate-lead-generation-with-apollo-ai-scoring-and-brevo-email-outreach/
4505,Automate Meeting Prep And Lead Enrichment With Bright Data Calcom And Airtable,https://n8n.io/workflows/4505-automate-meeting-prep-and-lead-enrichment-with-bright-data-calcom-and-airtable/
4458,Score Contact Form Leads With Gpt 4 And Send Slack Notifications,https://n8n.io/workflows/4458-score-contact-form-leads-with-gpt-4-and-send-slack-notifications/
4454,Beyondpresence Sales Intelligence Real Time Lead Scoring,https://n8n.io/workflows/4454-beyondpresence-sales-intelligence-real-time-lead-scoring/
4416,Hubspot Contact Email Validation With Hunterio,https://n8n.io/workflows/4416-hubspot-contact-email-validation-with-hunterio/
4340,Generate Qualified Leads From Linkedin With Apify Gpt 4 And Airtable,https://n8n.io/workflows/4340-generate-qualified-leads-from-linkedin-with-apify-gpt-4-and-airtable/
4326,Auto Scrape Tiktok User Data Via Dumpling Ai And Segment In Airtable,https://n8n.io/workflows/4326-auto-scrape-tiktok-user-data-via-dumpling-ai-and-segment-in-airtable/
4322,Classify Lead Sentiment With Google Gemini And Send Whatsapp Responses Via Typeform And Supabase,https://n8n.io/workflows/4322-classify-lead-sentiment-with-google-gemini-and-send-whatsapp-responses-via-typeform-and-supabase/
4295,Automate Business Lead Scraping From Apify To Google Sheets With Data Cleaning,https://n8n.io/workflows/4295-automate-business-lead-scraping-from-apify-to-google-sheets-with-data-cleaning/
4263,Verify Linkedin Company Page By Domain With Airtop,https://n8n.io/workflows/4263-verify-linkedin-company-page-by-domain-with-airtop/
4262,Score Company Icp Ideal Customer Profile With Airtop,https://n8n.io/workflows/4262-score-company-icp-ideal-customer-profile-with-airtop/
4261,Extract Linkedin Company Data With Airtop,https://n8n.io/workflows/4261-extract-linkedin-company-data-with-airtop/
4260,Extract Company Data And Calculate Icp Score With Airtop,https://n8n.io/workflows/4260-extract-company-data-and-calculate-icp-score-with-airtop/
4259,Enrich Company Data With Airtop And Hubspot,https://n8n.io/workflows/4259-enrich-company-data-with-airtop-and-hubspot/
4258,Score Person Icp Ideal Customer Profile With Airtop,https://n8n.io/workflows/4258-score-person-icp-ideal-customer-profile-with-airtop/
4257,Find And Verify Linkedin Profile With Airtop,https://n8n.io/workflows/4257-find-and-verify-linkedin-profile-with-airtop/
4256,Extract Person Data And Calculate Icp Score With Airtop,https://n8n.io/workflows/4256-extract-person-data-and-calculate-icp-score-with-airtop/
4255,Enrich Person Data And Update Crm With Airtop And Hubspot,https://n8n.io/workflows/4255-enrich-person-data-and-update-crm-with-airtop-and-hubspot/
4254,Find Linkedin Company Page With Airtop,https://n8n.io/workflows/4254-find-linkedin-company-page-with-airtop/
4250,Extract And Summarize B2B Leads From Crunchbase With Bright Data Gpt 4O And Google Sheets,https://n8n.io/workflows/4250-extract-and-summarize-b2b-leads-from-crunchbase-with-bright-data-gpt-4o-and-google-sheets/
4242,Enrich Pipedrive Crm Contact Data With Linkedin Profiles Using Gpt And Multi Crm Support,https://n8n.io/workflows/4242-enrich-pipedrive-crm-contact-data-with-linkedin-profiles-using-gpt-and-multi-crm-support/
4207,Monitoring Job Changes On Linkedin With Airtop,https://n8n.io/workflows/4207-monitoring-job-changes-on-linkedin-with-airtop/
4205,Score Linkedin Profiles Against Your Icp With Airtop,https://n8n.io/workflows/4205-score-linkedin-profiles-against-your-icp-with-airtop/
4204,Create Ideal Customer Profiles From Linkedin Data With Airtop And Claude Ai,https://n8n.io/workflows/4204-create-ideal-customer-profiles-from-linkedin-data-with-airtop-and-claude-ai/
4203,Extract Structured Linkedin Profile Data With Airtop And Ai Parsing,https://n8n.io/workflows/4203-extract-structured-linkedin-profile-data-with-airtop-and-ai-parsing/
4191,Automated Lead Research From Linkedin To Ready To Send Report,https://n8n.io/workflows/4191-automated-lead-research-from-linkedin-to-ready-to-send-report/
4148,Smartlead Sheet Sync Auto Capture Client Inquiries To Google Sheets,https://n8n.io/workflows/4148-smartlead-sheet-sync-auto-capture-client-inquiries-to-google-sheets/
4072,Enrich Seller Data With Email And Domain Lookup Using Bright Data And Google Search,https://n8n.io/workflows/4072-enrich-seller-data-with-email-and-domain-lookup-using-bright-data-and-google-search/
4068,Find Reddit Prospects And Generate Personalized Responses With Llama3 Ai And Google Sheets,https://n8n.io/workflows/4068-find-reddit-prospects-and-generate-personalized-responses-with-llama3-ai-and-google-sheets/
3985,Auto Update Notion Crm And Send Email From Google Form Submissions,https://n8n.io/workflows/3985-auto-update-notion-crm-and-send-email-from-google-form-submissions/
3953,Double Opt In Email Verification System With Google Sheets,https://n8n.io/workflows/3953-double-opt-in-email-verification-system-with-google-sheets/
3935,Ai Marketing Agent For Lead Generation Reddit Openrouter Gmail,https://n8n.io/workflows/3935-ai-marketing-agent-for-lead-generation-reddit-openrouter-gmail/
3920,Collect Linkedin Profiles With Ai Processing Using Serpapi Openai And Nocodb,https://n8n.io/workflows/3920-collect-linkedin-profiles-with-ai-processing-using-serpapi-openai-and-nocodb/
3919,Lead Tracking System For Hubspot With Automated Notifications Via Gmail And Slack,https://n8n.io/workflows/3919-lead-tracking-system-for-hubspot-with-automated-notifications-via-gmail-and-slack/
3912,Automate Lead Qualification With Retellai Phone Agent Openai Gpt And Google Sheet,https://n8n.io/workflows/3912-automate-lead-qualification-with-retellai-phone-agent-openai-gpt-and-google-sheet/
3904,Search Linkedin Companies Score With Ai And Add Them To Google Sheet Crm,https://n8n.io/workflows/3904-search-linkedin-companies-score-with-ai-and-add-them-to-google-sheet-crm/
3849,Extract Business Leads From Reddit Using Gpt 41 Mini Analysis And Google Sheets,https://n8n.io/workflows/3849-extract-business-leads-from-reddit-using-gpt-41-mini-analysis-and-google-sheets/
3830,Discover And Enrich Decision Makers With Apollo And Human Verification,https://n8n.io/workflows/3830-discover-and-enrich-decision-makers-with-apollo-and-human-verification/
3827,Generate Business Leads With Openstreetmap Data And Save To Google Sheets,https://n8n.io/workflows/3827-generate-business-leads-with-openstreetmap-data-and-save-to-google-sheets/
3826,Ai Chat Agent Dumpling Ai Gpt 4O To Auto Save Local Business Data To Airtable,https://n8n.io/workflows/3826-ai-chat-agent-dumpling-ai-gpt-4o-to-auto-save-local-business-data-to-airtable/
3817,Find And Verify Business Emails Automatically With Openrouter Serper And Prospeo,https://n8n.io/workflows/3817-find-and-verify-business-emails-automatically-with-openrouter-serper-and-prospeo/
3794,Automate Solar Lead Qualification And Follow Ups With Google Sheets And Gmail,https://n8n.io/workflows/3794-automate-solar-lead-qualification-and-follow-ups-with-google-sheets-and-gmail/
3791,Generate And Enrich Linkedin Leads With Apolloio Linkedin Api Mailso And Gpt 35,https://n8n.io/workflows/3791-generate-and-enrich-linkedin-leads-with-apolloio-linkedin-api-mailso-and-gpt-35/
3786,Automate Course Registration Leads From Facebook Ads To Klicktipp,https://n8n.io/workflows/3786-automate-course-registration-leads-from-facebook-ads-to-klicktipp/
3777,Extract Transform Linkedin Data With Bright Data Mcp Server And Google Gemini,https://n8n.io/workflows/3777-extract-transform-linkedin-data-with-bright-data-mcp-server-and-google-gemini/
3717,Search Linkedin Companies And Add Them To Airtable Crm,https://n8n.io/workflows/3717-search-linkedin-companies-and-add-them-to-airtable-crm/
3666,Real Estate Lead Generation With Batchdata Skip Tracing And Crm Integration,https://n8n.io/workflows/3666-real-estate-lead-generation-with-batchdata-skip-tracing-and-crm-integration/
3665,Automated Property Lead Generation With Batchdata And Crm Integration,https://n8n.io/workflows/3665-automated-property-lead-generation-with-batchdata-and-crm-integration/
3664,Automated Real Estate Property Lead Scoring With Batchdata,https://n8n.io/workflows/3664-automated-real-estate-property-lead-scoring-with-batchdata/
3616,Automated Lead Generation And Contact Enrichment With Hunterio And Perplexity Ai,https://n8n.io/workflows/3616-automated-lead-generation-and-contact-enrichment-with-hunterio-and-perplexity-ai/
3607,Find High Intent Sales Leads By Scraping Glassdoor With Bright Data And Gpt,https://n8n.io/workflows/3607-find-high-intent-sales-leads-by-scraping-glassdoor-with-bright-data-and-gpt/
3593,Extract Business Leads From Google Maps With Dumpling Ai To Google Sheets,https://n8n.io/workflows/3593-extract-business-leads-from-google-maps-with-dumpling-ai-to-google-sheets/
3581,Domain To Email Extraction Using Apollo Api,https://n8n.io/workflows/3581-domain-to-email-extraction-using-apollo-api/
3580,Scrape Linkedin Job Listings For Hiring Signals And Prospecting With Bright Data,https://n8n.io/workflows/3580-scrape-linkedin-job-listings-for-hiring-signals-and-prospecting-with-bright-data/
3561,Automate Hyper Personalized Outreach At Scale With Bright Data And Llms,https://n8n.io/workflows/3561-automate-hyper-personalized-outreach-at-scale-with-bright-data-and-llms/
3490,Automated Linkedin Lead Generation Scoring And Communication With Ai Agent,https://n8n.io/workflows/3490-automated-linkedin-lead-generation-scoring-and-communication-with-ai-agent/
3479,Build Lists Of Profiles From Any Platform Using Airtop And Google Sheets,https://n8n.io/workflows/3479-build-lists-of-profiles-from-any-platform-using-airtop-and-google-sheets/
3477,Automated Linkedin Profile Discovery With Airtop And Google Search,https://n8n.io/workflows/3477-automated-linkedin-profile-discovery-with-airtop-and-google-search/
3476,Linkedin Person Icp Scoring Automation With Airtop And Google Sheets,https://n8n.io/workflows/3476-linkedin-person-icp-scoring-automation-with-airtop-and-google-sheets/
3475,Linkedin Company Icp Scoring Automation With Airtop And Google Sheets,https://n8n.io/workflows/3475-linkedin-company-icp-scoring-automation-with-airtop-and-google-sheets/
3443,Scrape Business Leads From Google Maps Using Openai And Google Sheets,https://n8n.io/workflows/3443-scrape-business-leads-from-google-maps-using-openai-and-google-sheets/
3435,Get Qualified Leads In One Click From Apollo To Airtable,https://n8n.io/workflows/3435-get-qualified-leads-in-one-click-from-apollo-to-airtable/
3335,Linkedin Profile Finder Via Form Using Bright Data And Gpt 4O Mini,https://n8n.io/workflows/3335-linkedin-profile-finder-via-form-using-bright-data-and-gpt-4o-mini/
3249,Automated Linkedin Profile Summaries With Gpt 4O And Google Sheets,https://n8n.io/workflows/3249-automated-linkedin-profile-summaries-with-gpt-4o-and-google-sheets/
3143,Real Estate Cold Call Scripts For Price Reduced Fsbo Properties Zillow Data,https://n8n.io/workflows/3143-real-estate-cold-call-scripts-for-price-reduced-fsbo-properties-zillow-data/
3062,Avoid Asking Redundant Questions With Dynamically Generated Forms Using Openai,https://n8n.io/workflows/3062-avoid-asking-redundant-questions-with-dynamically-generated-forms-using-openai/
2899,Unique Qrcode Coupon Assignment And Validation For Lead Generation With Suitecrm,https://n8n.io/workflows/2899-unique-qrcode-coupon-assignment-and-validation-for-lead-generation-with-suitecrm/
2898,Ai Agent Find The Right Linkedin Profiles In Seconds,https://n8n.io/workflows/2898-ai-agent-find-the-right-linkedin-profiles-in-seconds/
2890,Drive To Store Lead Generation With Coupon With Google Sheets And Suitecrm,https://n8n.io/workflows/2890-drive-to-store-lead-generation-with-coupon-with-google-sheets-and-suitecrm/
2821,Domain Outbound Automate Lead Extraction And Targeted Outreach,https://n8n.io/workflows/2821-domain-outbound-automate-lead-extraction-and-targeted-outreach/
2808,Enrich Linkedin Profiles From Google Sheets Via Rapidapi,https://n8n.io/workflows/2808-enrich-linkedin-profiles-from-google-sheets-via-rapidapi/
2774,Typeform To Klicktipp Integration Quiz,https://n8n.io/workflows/2774-typeform-to-klicktipp-integration-quiz/
2769,Gravity Forms To Klicktipp Integration Feedback Form,https://n8n.io/workflows/2769-gravity-forms-to-klicktipp-integration-feedback-form/
2758,Ai Driven Lead Management And Inquiry Automation With Erpnext And N8N,https://n8n.io/workflows/2758-ai-driven-lead-management-and-inquiry-automation-with-erpnext-and-n8n/
2755,Jotform To Klicktipp Integration Webinar Registration,https://n8n.io/workflows/2755-jotform-to-klicktipp-integration-webinar-registration/
2633,Insee Company Data Enrichment For Agile Crm For French Companies Only,https://n8n.io/workflows/2633-insee-company-data-enrichment-for-agile-crm-for-french-companies-only/
2620,Calendly To Klicktipp Integration,https://n8n.io/workflows/2620-calendly-to-klicktipp-integration/
2619,Deduplicate Scraping Ai Grants For Eligibility Using Ai,https://n8n.io/workflows/2619-deduplicate-scraping-ai-grants-for-eligibility-using-ai/
2605,Generate Leads With Google Maps,https://n8n.io/workflows/2605-generate-leads-with-google-maps/
2581,Simple Lead Capture And Follow On With N8N Multi Forms,https://n8n.io/workflows/2581-simple-lead-capture-and-follow-on-with-n8n-multi-forms/
2567,Scrape Business Emails From Google Maps Without The Use Of Any Third Party Apis,https://n8n.io/workflows/2567-scrape-business-emails-from-google-maps-without-the-use-of-any-third-party-apis/
2555,Send Webflow Form Data To Google Sheets,https://n8n.io/workflows/2555-send-webflow-form-data-to-google-sheets/
2550,Waitlist Form Stored In Googlesheet With Email Verification Step,https://n8n.io/workflows/2550-waitlist-form-stored-in-googlesheet-with-email-verification-step/
2463,Enrich Company Data From Google Sheet With Openai Agent And Scrapingbee,https://n8n.io/workflows/2463-enrich-company-data-from-google-sheet-with-openai-agent-and-scrapingbee/
2324,Ai Web Researcher For Sales,https://n8n.io/workflows/2324-ai-web-researcher-for-sales/
2318,Enrich Pipedrives Organization Data With Openai Gpt 4O And Notify It In Slack,https://n8n.io/workflows/2318-enrich-pipedrives-organization-data-with-openai-gpt-4o-and-notify-it-in-slack/
2315,Autonomous Ai Crawler,https://n8n.io/workflows/2315-autonomous-ai-crawler/
2291,Create Leads In Suitecrm Synchronize With Brevo And Notify In Nextcloud,https://n8n.io/workflows/2291-create-leads-in-suitecrm-synchronize-with-brevo-and-notify-in-nextcloud/
2272,Enrich Up To 1500 Emails Per Hour With Dropcontact Batch Requests,https://n8n.io/workflows/2272-enrich-up-to-1500-emails-per-hour-with-dropcontact-batch-requests/
2239,Extract Domain And Verify Email Syntax On The Go,https://n8n.io/workflows/2239-extract-domain-and-verify-email-syntax-on-the-go/
2191,Verifying Email Deliverability Using Google Sheets And Effibotics Api,https://n8n.io/workflows/2191-verifying-email-deliverability-using-google-sheets-and-effibotics-api/
2184,Validate Email Format From A Wordpress Form And Save A Contact In Mautic,https://n8n.io/workflows/2184-validate-email-format-from-a-wordpress-form-and-save-a-contact-in-mautic/
2171,Verify Mailing Address Deliverability Of New Contacts In Highlevel Using Lob,https://n8n.io/workflows/2171-verify-mailing-address-deliverability-of-new-contacts-in-highlevel-using-lob/
2163,Qualify New Leads In Google Sheets Via Openais Gpt 4,https://n8n.io/workflows/2163-qualify-new-leads-in-google-sheets-via-openais-gpt-4/
2136,Verify And Enrich Form Leads With Hunter And Clearbit Then Add Them To Pipedrive,https://n8n.io/workflows/2136-verify-and-enrich-form-leads-with-hunter-and-clearbit-then-add-them-to-pipedrive/
2135,Enrich New Leads In Pipedrive And Send An Alert To Slack For High Quality Ones,https://n8n.io/workflows/2135-enrich-new-leads-in-pipedrive-and-send-an-alert-to-slack-for-high-quality-ones/
2134,Extract Emails From Website Htmls,https://n8n.io/workflows/2134-extract-emails-from-website-htmls/
2131,Send A Notification To Slack When A New High Quality Lead Is Added To Hubspot,https://n8n.io/workflows/2131-send-a-notification-to-slack-when-a-new-high-quality-lead-is-added-to-hubspot/
2130,Enrich Lead Captured By Convertkit And Save It In Hubspot,https://n8n.io/workflows/2130-enrich-lead-captured-by-convertkit-and-save-it-in-hubspot/
2129,Enrich Lead That Booked A Call On Calendly And Save It On Hubspot,https://n8n.io/workflows/2129-enrich-lead-that-booked-a-call-on-calendly-and-save-it-on-hubspot/
2121,Get A Telegram Alert When A Great Lead Submits Form With Madkudu And Hunter,https://n8n.io/workflows/2121-get-a-telegram-alert-when-a-great-lead-submits-form-with-madkudu-and-hunter/
2120,Alert Via Gmail When A Great Lead Submits Form With Madkudu And Hunter,https://n8n.io/workflows/2120-alert-via-gmail-when-a-great-lead-submits-form-with-madkudu-and-hunter/
2119,Qualify Great Leads From N8N Form With Madkudu And Hunter And Alert On Slack,https://n8n.io/workflows/2119-qualify-great-leads-from-n8n-form-with-madkudu-and-hunter-and-alert-on-slack/
2116,Verify Emails And Enrich New Form Leads And Save Them To Hubspot,https://n8n.io/workflows/2116-verify-emails-and-enrich-new-form-leads-and-save-them-to-hubspot/
2113,Enrich Website Visitors With Leadfeeder And Clearbit And Save To Google Sheets,https://n8n.io/workflows/2113-enrich-website-visitors-with-leadfeeder-and-clearbit-and-save-to-google-sheets/
2111,Enrich New Hubspot Contacts With Contact And Company Data From Exactbuyer,https://n8n.io/workflows/2111-enrich-new-hubspot-contacts-with-contact-and-company-data-from-exactbuyer/
2109,Enrich New Discourse Members With Clearbit Then Notify In Slack,https://n8n.io/workflows/2109-enrich-new-discourse-members-with-clearbit-then-notify-in-slack/
2108,Enrich New Intercom Users With Contact Details And More From Exactbuyer,https://n8n.io/workflows/2108-enrich-new-intercom-users-with-contact-details-and-more-from-exactbuyer/
2107,Enrich Linkedin Profile Urls Stored In A Google Sheet,https://n8n.io/workflows/2107-enrich-linkedin-profile-urls-stored-in-a-google-sheet/
2103,Collect And Enrich Form Leads To Gmail Google Sheets And Discord,https://n8n.io/workflows/2103-collect-and-enrich-form-leads-to-gmail-google-sheets-and-discord/
2087,Streamline Data From An N8N Form Into Google Sheet Airtable And Email Sending,https://n8n.io/workflows/2087-streamline-data-from-an-n8n-form-into-google-sheet-airtable-and-email-sending/
2076,Scrape Crunchbase Recent Funding Rounds,https://n8n.io/workflows/2076-scrape-crunchbase-recent-funding-rounds/
2063,Google Maps Scraper,https://n8n.io/workflows/2063-google-maps-scraper/
2057,Manage Webflow Form Submissions In Airtable,https://n8n.io/workflows/2057-manage-webflow-form-submissions-in-airtable/
2039,Qualify Replies From Pipedrive Persons With Ai,https://n8n.io/workflows/2039-qualify-replies-from-pipedrive-persons-with-ai/
2036,Domain Extractor,https://n8n.io/workflows/2036-domain-extractor/
2033,Real Time Lead Routing In Webflow,https://n8n.io/workflows/2033-real-time-lead-routing-in-webflow/
2016,Batch Verify Emails In Google Sheet With Icypeas,https://n8n.io/workflows/2016-batch-verify-emails-in-google-sheet-with-icypeas/
2015,Batch Process Domainscompanies In Google Sheet With Icypeas Bulk Search,https://n8n.io/workflows/2015-batch-process-domainscompanies-in-google-sheet-with-icypeas-bulk-search/
2014,Perform Email Searches With Icypeas Bulk,https://n8n.io/workflows/2014-perform-email-searches-with-icypeas-bulk/
2013,Perform An Email Search With Icypeas Single,https://n8n.io/workflows/2013-perform-an-email-search-with-icypeas-single/
2012,Perform A Domain Search With Icypeas Single,https://n8n.io/workflows/2012-perform-a-domain-search-with-icypeas-single/
2011,Verify An Email Adress With Icypeas Single,https://n8n.io/workflows/2011-verify-an-email-adress-with-icypeas-single/
1954,Ai Agent Chat,https://n8n.io/workflows/1954-ai-agent-chat/
1951,Scrape And Summarize Webpages With Ai,https://n8n.io/workflows/1951-scrape-and-summarize-webpages-with-ai/
1934,Telegram Ai Chatbot,https://n8n.io/workflows/1934-telegram-ai-chatbot/
1930,Sync New Data Between Two Apps,https://n8n.io/workflows/1930-sync-new-data-between-two-apps/
1891,Lonescale Hiring Signal Send Leads To Lemlist And Hubspot,https://n8n.io/workflows/1891-lonescale-hiring-signal-send-leads-to-lemlist-and-hubspot/
1862,Openai Gpt 3 Company Enrichment From Website Content,https://n8n.io/workflows/1862-openai-gpt-3-company-enrichment-from-website-content/
1788,Add A New Lead To Pipedrive Once Github Repo Is Forked,https://n8n.io/workflows/1788-add-a-new-lead-to-pipedrive-once-github-repo-is-forked/
1782,Enrich New Accounts In Pipedrive Using Datagma Api,https://n8n.io/workflows/1782-enrich-new-accounts-in-pipedrive-using-datagma-api/
1758,Upload Leads With Custom Fields From Typeform To Pipedrive,https://n8n.io/workflows/1758-upload-leads-with-custom-fields-from-typeform-to-pipedrive/
1750,Creating An Api Endpoint,https://n8n.io/workflows/1750-creating-an-api-endpoint/
1748,Pulling Data From Services That N8N Doesnt Have A Pre Built Integration For,https://n8n.io/workflows/1748-pulling-data-from-services-that-n8n-doesnt-have-a-pre-built-integration-for/
1747,Joining Different Datasets,https://n8n.io/workflows/1747-joining-different-datasets/
1700,Very Quick Quickstart,https://n8n.io/workflows/1700-very-quick-quickstart/
1534,Back Up Your N8N Workflows To Github,https://n8n.io/workflows/1534-back-up-your-n8n-workflows-to-github/
1462,Validate Email Of New Contacts In Mautic,https://n8n.io/workflows/1462-validate-email-of-new-contacts-in-mautic/
1435,Convert Json To An Excel File,https://n8n.io/workflows/1435-convert-json-to-an-excel-file/
1377,Extract Url From An Email Address,https://n8n.io/workflows/1377-extract-url-from-an-email-address/
1325,Transf Meeting Booking Into Notions Task With Verified Information,https://n8n.io/workflows/1325-transf-meeting-booking-into-notions-task-with-verified-information/
1324,Find Emails With Dropcontact On Typeform Submission,https://n8n.io/workflows/1324-find-emails-with-dropcontact-on-typeform-submission/
1323,Create Hubspot Contacts From Linkedin Post Interactions,https://n8n.io/workflows/1323-create-hubspot-contacts-from-linkedin-post-interactions/
1304,Enrich Google Sheet Contacts With Dropcontact,https://n8n.io/workflows/1304-enrich-google-sheet-contacts-with-dropcontact/
1296,Enrich Contact Information With Hubspot And Clearbit,https://n8n.io/workflows/1296-enrich-contact-information-with-hubspot-and-clearbit/
1253,Add Netlify Form Submissions To Airtable,https://n8n.io/workflows/1253-add-netlify-form-submissions-to-airtable/
1223,Capture Leads In Hubspot From Typeform,https://n8n.io/workflows/1223-capture-leads-in-hubspot-from-typeform/
1088,Add A New User To Notion Database On Calendly Invite Creation,https://n8n.io/workflows/1088-add-a-new-user-to-notion-database-on-calendly-invite-creation/
1076,Transfer Data From Website To Google Sheets,https://n8n.io/workflows/1076-transfer-data-from-website-to-google-sheets/
1055,Validate Emails In A Table Using Mailcheck,https://n8n.io/workflows/1055-validate-emails-in-a-table-using-mailcheck/
947,Register Users To An Event On Demio Via Typeform,https://n8n.io/workflows/947-register-users-to-an-event-on-demio-via-typeform/
933,Add Subscribed Customers To Airtable Automatically,https://n8n.io/workflows/933-add-subscribed-customers-to-airtable-automatically/
903,Discover Professional Emails With Uproc And Send Via Telegram,https://n8n.io/workflows/903-discover-professional-emails-with-uproc-and-send-via-telegram/
882,Store The Output Of A Phantom In Airtable,https://n8n.io/workflows/882-store-the-output-of-a-phantom-in-airtable/
863,Verify A Phone Number With Uproc,https://n8n.io/workflows/863-verify-a-phone-number-with-uproc/
860,Discover Company Data By Name With Uproc,https://n8n.io/workflows/860-discover-company-data-by-name-with-uproc/
851,Detect Web Visitors Country By Ip Address With Uproc,https://n8n.io/workflows/851-detect-web-visitors-country-by-ip-address-with-uproc/
850,Verify An Email Recipient With Uproc,https://n8n.io/workflows/850-verify-an-email-recipient-with-uproc/
835,Get Company Data And Store It In Airtable,https://n8n.io/workflows/835-get-company-data-and-store-it-in-airtable/
784,Create Update And Get A Profile In Humantic Ai,https://n8n.io/workflows/784-create-update-and-get-a-profile-in-humantic-ai/
721,Receive Updates On Form Submission In Mautic And Send Sms Notification,https://n8n.io/workflows/721-receive-updates-on-form-submission-in-mautic-and-send-sms-notification/
651,Receive Updates When A Form Submission Occurs In Your Webflow Website,https://n8n.io/workflows/651-receive-updates-when-a-form-submission-occurs-in-your-webflow-website/
636,Add Google Sheets Data To The Mautic Contact,https://n8n.io/workflows/636-add-google-sheets-data-to-the-mautic-contact/
519,Verify Email Deliverability With Hunter,https://n8n.io/workflows/519-verify-email-deliverability-with-hunter/
504,Get Information About A Company With Uplead,https://n8n.io/workflows/504-get-information-about-a-company-with-uplead/
484,Look Up A Person Using Their Email In Clearbit,https://n8n.io/workflows/484-look-up-a-person-using-their-email-in-clearbit/
429,Gather Leads In Google Sheet And Mailchimp,https://n8n.io/workflows/429-gather-leads-in-google-sheet-and-mailchimp/
384,Save Typeform Survey Results To Airtable,https://n8n.io/workflows/384-save-typeform-survey-results-to-airtable/
